% returns the air mass intensity for the set of wavelength given by the 
% wavelength array.
function [AM_intensity]=get_AM_spectrum(wavelength, method)

% Global air mass taken from http://rredc.nrel.gov/solar/spectra/am1.5/
% um W/m^2/um
AM =[ 0.28	4.73E-020
0.2805	1.23E-018
0.281	5.69E-018
0.2815	1.57E-016
0.282	1.19E-015
0.2825	4.54E-015
0.283	1.85E-014
0.2835	3.54E-014
0.284	7.27E-013
0.2845	2.49E-012
0.285	8.01E-012
0.2855	4.26E-011
0.286	1.37E-010
0.2865	8.38E-010
0.287	2.74E-009
0.2875	1.09E-008
0.288	6.23E-008
0.2885	1.72E-007
0.289	5.63E-007
0.2895	2.07E-006
0.29	6.02E-006
0.2905	1.38E-005
0.291	3.51E-005
0.2915	1.09E-004
0.292	2.68E-004
0.2925	4.27E-004
0.293	8.65E-004
0.2935	2.27E-003
0.294	4.17E-003
0.2945	6.59E-003
0.295	1.23E-002
0.2955	2.78E-002
0.296	4.79E-002
0.2965	7.13E-002
0.297	9.68E-002
0.2975	1.86E-001
0.298	2.90E-001
0.2985	3.58E-001
0.299	4.92E-001
0.2995	8.61E-001
0.3	1.02E+000
0.3005	1.25E+000
0.301	1.93E+000
0.3015	2.69E+000
0.302	2.92E+000
0.3025	4.28E+000
0.303	7.09E+000
0.3035	8.98E+000
0.304	9.47E+000
0.3045	1.20E+001
0.305	1.65E+001
0.3055	1.87E+001
0.306	1.86E+001
0.3065	2.11E+001
0.307	2.78E+001
0.3075	3.56E+001
0.308	3.78E+001
0.3085	4.14E+001
0.309	4.05E+001
0.3095	4.33E+001
0.31	5.09E+001
0.3105	6.55E+001
0.311	8.29E+001
0.3115	8.41E+001
0.312	9.34E+001
0.3125	9.90E+001
0.313	1.07E+002
0.3135	1.08E+002
0.314	1.20E+002
0.3145	1.31E+002
0.315	1.36E+002
0.3155	1.18E+002
0.316	1.23E+002
0.3165	1.50E+002
0.317	1.72E+002
0.3175	1.82E+002
0.318	1.76E+002
0.3185	1.86E+002
0.319	2.05E+002
0.3195	1.96E+002
0.32	2.05E+002
0.3205	2.45E+002
0.321	2.50E+002
0.3215	2.38E+002
0.322	2.22E+002
0.3225	2.17E+002
0.323	2.12E+002
0.3235	2.49E+002
0.324	2.75E+002
0.3245	2.83E+002
0.325	2.79E+002
0.3255	3.24E+002
0.326	3.81E+002
0.3265	4.07E+002
0.327	3.98E+002
0.3275	3.85E+002
0.328	3.51E+002
0.3285	3.72E+002
0.329	4.22E+002
0.3295	4.69E+002
0.33	4.71E+002
0.3305	4.28E+002
0.331	4.03E+002
0.3315	4.18E+002
0.332	4.36E+002
0.3325	4.39E+002
0.333	4.29E+002
0.3335	4.07E+002
0.334	4.15E+002
0.3345	4.45E+002
0.335	4.64E+002
0.3355	4.53E+002
0.336	4.15E+002
0.3365	3.82E+002
0.337	3.74E+002
0.3375	4.01E+002
0.338	4.34E+002
0.3385	4.55E+002
0.339	4.64E+002
0.3395	4.74E+002
0.34	5.02E+002
0.3405	5.01E+002
0.341	4.71E+002
0.3415	4.69E+002
0.342	4.89E+002
0.3425	5.08E+002
0.343	5.15E+002
0.3435	4.86E+002
0.344	4.18E+002
0.3445	4.03E+002
0.345	4.59E+002
0.3455	4.89E+002
0.346	4.78E+002
0.3465	4.87E+002
0.347	4.94E+002
0.3475	4.77E+002
0.348	4.75E+002
0.3485	4.83E+002
0.349	4.66E+002
0.3495	4.78E+002
0.35	5.28E+002
0.3505	5.67E+002
0.351	5.52E+002
0.3515	5.30E+002
0.352	5.18E+002
0.3525	4.90E+002
0.353	5.20E+002
0.3535	5.72E+002
0.354	6.05E+002
0.3545	6.12E+002
0.355	6.11E+002
0.3555	5.90E+002
0.356	5.54E+002
0.3565	5.19E+002
0.357	4.57E+002
0.3575	4.62E+002
0.358	4.30E+002
0.3585	3.99E+002
0.359	4.70E+002
0.3595	5.65E+002
0.36	5.98E+002
0.3605	5.65E+002
0.361	5.20E+002
0.3615	5.10E+002
0.362	5.34E+002
0.3625	5.85E+002
0.363	6.02E+002
0.3635	5.85E+002
0.364	6.06E+002
0.3645	6.01E+002
0.365	6.24E+002
0.3655	6.86E+002
0.366	7.35E+002
0.3665	7.37E+002
0.367	7.23E+002
0.3675	7.09E+002
0.368	6.68E+002
0.3685	6.63E+002
0.369	6.93E+002
0.3695	7.45E+002
0.37	7.55E+002
0.3705	6.83E+002
0.371	6.93E+002
0.3715	7.21E+002
0.372	6.74E+002
0.3725	6.43E+002
0.373	6.19E+002
0.3735	5.58E+002
0.374	5.56E+002
0.3745	5.52E+002
0.375	5.89E+002
0.3755	6.52E+002
0.376	6.75E+002
0.3765	6.64E+002
0.377	7.12E+002
0.3775	7.95E+002
0.378	8.56E+002
0.3785	8.34E+002
0.379	7.44E+002
0.3795	6.67E+002
0.38	7.01E+002
0.3805	7.51E+002
0.381	7.64E+002
0.3815	6.88E+002
0.382	5.87E+002
0.3825	5.08E+002
0.383	4.55E+002
0.3835	4.40E+002
0.384	5.10E+002
0.3845	6.14E+002
0.385	6.74E+002
0.3855	6.44E+002
0.386	6.21E+002
0.3865	6.46E+002
0.387	6.51E+002
0.3875	6.42E+002
0.388	6.36E+002
0.3885	6.31E+002
0.389	6.85E+002
0.3895	7.60E+002
0.39	7.97E+002
0.3905	8.04E+002
0.391	8.51E+002
0.3915	8.63E+002
0.392	7.95E+002
0.3925	6.63E+002
0.393	4.80E+002
0.3935	3.82E+002
0.394	4.96E+002
0.3945	6.84E+002
0.395	8.08E+002
0.3955	8.60E+002
0.396	7.57E+002
0.3965	5.50E+002
0.397	4.26E+002
0.3975	6.29E+002
0.398	8.52E+002
0.3985	1.01E+003
0.399	1.07E+003
0.3995	1.10E+003
0.4	1.11E+003
0.401	1.16E+003
0.402	1.21E+003
0.403	1.16E+003
0.404	1.18E+003
0.405	1.15E+003
0.406	1.12E+003
0.407	1.10E+003
0.408	1.15E+003
0.409	1.23E+003
0.41	1.05E+003
0.411	1.17E+003
0.412	1.25E+003
0.413	1.20E+003
0.414	1.18E+003
0.415	1.23E+003
0.416	1.26E+003
0.417	1.23E+003
0.418	1.18E+003
0.419	1.23E+003
0.42	1.12E+003
0.421	1.28E+003
0.422	1.26E+003
0.423	1.22E+003
0.424	1.21E+003
0.425	1.25E+003
0.426	1.21E+003
0.427	1.17E+003
0.428	1.18E+003
0.429	1.10E+003
0.43	8.75E+002
0.431	7.94E+002
0.432	1.32E+003
0.433	1.23E+003
0.434	1.14E+003
0.435	1.25E+003
0.436	1.37E+003
0.437	1.39E+003
0.438	1.22E+003
0.439	1.18E+003
0.44	1.35E+003
0.441	1.33E+003
0.442	1.43E+003
0.443	1.45E+003
0.444	1.41E+003
0.445	1.46E+003
0.446	1.31E+003
0.447	1.49E+003
0.448	1.51E+003
0.449	1.50E+003
0.45	1.56E+003
0.451	1.62E+003
0.452	1.55E+003
0.453	1.43E+003
0.454	1.53E+003
0.455	1.52E+003
0.456	1.57E+003
0.457	1.59E+003
0.458	1.55E+003
0.459	1.54E+003
0.46	1.53E+003
0.461	1.58E+003
0.462	1.60E+003
0.463	1.60E+003
0.464	1.55E+003
0.465	1.54E+003
0.466	1.57E+003
0.467	1.50E+003
0.468	1.56E+003
0.469	1.57E+003
0.47	1.51E+003
0.471	1.53E+003
0.472	1.61E+003
0.473	1.55E+003
0.474	1.57E+003
0.475	1.62E+003
0.476	1.56E+003
0.477	1.57E+003
0.478	1.62E+003
0.479	1.59E+003
0.48	1.62E+003
0.481	1.62E+003
0.482	1.62E+003
0.483	1.60E+003
0.484	1.57E+003
0.485	1.57E+003
0.486	1.27E+003
0.487	1.42E+003
0.488	1.54E+003
0.489	1.45E+003
0.49	1.62E+003
0.491	1.56E+003
0.492	1.49E+003
0.493	1.59E+003
0.494	1.55E+003
0.495	1.65E+003
0.496	1.57E+003
0.497	1.59E+003
0.498	1.55E+003
0.499	1.55E+003
0.5	1.55E+003
0.501	1.50E+003
0.502	1.50E+003
0.503	1.57E+003
0.504	1.46E+003
0.505	1.56E+003
0.506	1.63E+003
0.507	1.56E+003
0.508	1.52E+003
0.509	1.59E+003
0.51	1.55E+003
0.511	1.58E+003
0.512	1.62E+003
0.513	1.52E+003
0.514	1.49E+003
0.515	1.53E+003
0.516	1.55E+003
0.517	1.26E+003
0.518	1.44E+003
0.519	1.40E+003
0.52	1.52E+003
0.521	1.53E+003
0.522	1.57E+003
0.523	1.48E+003
0.524	1.59E+003
0.525	1.58E+003
0.526	1.53E+003
0.527	1.34E+003
0.528	1.54E+003
0.529	1.61E+003
0.53	1.54E+003
0.531	1.63E+003
0.532	1.60E+003
0.533	1.43E+003
0.534	1.53E+003
0.535	1.55E+003
0.536	1.62E+003
0.537	1.50E+003
0.538	1.57E+003
0.539	1.54E+003
0.54	1.48E+003
0.541	1.43E+003
0.542	1.55E+003
0.543	1.53E+003
0.544	1.58E+003
0.545	1.54E+003
0.546	1.53E+003
0.547	1.55E+003
0.548	1.50E+003
0.549	1.55E+003
0.55	1.54E+003
0.551	1.54E+003
0.552	1.57E+003
0.553	1.53E+003
0.554	1.55E+003
0.555	1.56E+003
0.556	1.54E+003
0.557	1.50E+003
0.558	1.53E+003
0.559	1.45E+003
0.56	1.47E+003
0.561	1.56E+003
0.562	1.48E+003
0.563	1.54E+003
0.564	1.51E+003
0.565	1.52E+003
0.566	1.44E+003
0.567	1.53E+003
0.568	1.52E+003
0.569	1.48E+003
0.57	1.48E+003
0.571	1.43E+003
0.572	1.51E+003
0.573	1.52E+003
0.574	1.51E+003
0.575	1.48E+003
0.576	1.47E+003
0.577	1.50E+003
0.578	1.46E+003
0.579	1.48E+003
0.58	1.50E+003
0.581	1.51E+003
0.582	1.53E+003
0.583	1.55E+003
0.584	1.54E+003
0.585	1.53E+003
0.586	1.50E+003
0.587	1.53E+003
0.588	1.49E+003
0.589	1.29E+003
0.59	1.37E+003
0.591	1.47E+003
0.592	1.44E+003
0.593	1.46E+003
0.594	1.45E+003
0.595	1.43E+003
0.596	1.47E+003
0.597	1.48E+003
0.598	1.46E+003
0.599	1.46E+003
0.6	1.48E+003
0.601	1.46E+003
0.602	1.44E+003
0.603	1.47E+003
0.604	1.49E+003
0.605	1.49E+003
0.606	1.48E+003
0.607	1.49E+003
0.608	1.49E+003
0.609	1.47E+003
0.61	1.47E+003
0.611	1.46E+003
0.612	1.48E+003
0.613	1.46E+003
0.614	1.42E+003
0.615	1.47E+003
0.616	1.43E+003
0.617	1.41E+003
0.618	1.47E+003
0.619	1.47E+003
0.62	1.47E+003
0.621	1.48E+003
0.622	1.43E+003
0.623	1.42E+003
0.624	1.41E+003
0.625	1.40E+003
0.626	1.40E+003
0.627	1.44E+003
0.628	1.36E+003
0.629	1.41E+003
0.63	1.39E+003
0.631	1.42E+003
0.632	1.36E+003
0.633	1.45E+003
0.634	1.43E+003
0.635	1.45E+003
0.636	1.41E+003
0.637	1.46E+003
0.638	1.47E+003
